intrinsic:
1214.6497200065487 0.0 633.7688093981089 
0.0 1220.0120850193302 352.43606054793514 
0.0 0.0 1.0 
distortion:
0.2914598632235983 -1.304719687980132 0.009548032888582943 -0.0019052338956313385 1.4979655676443058 
