intrinsic:
1190.3803357494844 0.0 610.5335192217078 
0.0 1200.3212733351802 353.53361608326594 
0.0 0.0 1.0 
distortion:
0.21429070093024818 -0.10998535558502419 0.013829311272660717 -0.013503046577085988 -3.4259301913296305 
